0 23 35 17 20 46 28 8 4 33 32 2 26 21 3 22 38 45 36 11 39 13 43 24 47 37 48 44 6 19 31 7 10 14 27 29 18 5 42 15 12 30 34 -999
1 15 40 27 -999
2 -999
3 8 5 6 21 30 26 27 19 0 39 13 1 11 23 15 -999
4 34 26 9 5 46 3 10 40 23 29 11 25 32 38 15 45 1 -999
5 42 37 41 20 34 11 3 1 -999
6 5 35 -999
7 4 0 19 33 16 46 42 2 26 35 30 18 6 44 39 24 22 38 5 34 23 21 9 32 1 29 47 43 25 31 15 36 17 13 20 45 3 28 12 37 10 8 48 11 27 -999
8 5 14 2 40 34 39 30 6 47 18 38 28 33 -999
9 25 30 37 12 21 22 24 32 20 2 27 41 10 14 31 39 3 29 -999
10 45 5 0 42 46 38 21 22 31 11 28 6 24 27 30 8 16 25 40 1 47 7 33 9 37 23 36 39 15 34 44 13 18 43 41 2 29 12 4 35 26 14 -999
11 35 21 15 44 40 -999
12 36 30 9 11 5 29 3 8 7 39 2 24 42 41 4 38 17 48 28 46 0 37 45 1 21 -999
13 40 37 44 0 23 16 2 27 25 8 -999
14 19 30 22 16 36 40 41 26 2 21 10 6 28 9 35 34 33 7 -999
15 21 30 44 41 35 42 26 6 0 22 -999
16 11 33 9 42 -999
17 45 1 43 25 31 47 19 27 33 10 5 6 34 2 15 3 48 35 24 -999
18 21 6 38 45 33 36 37 25 3 10 17 1 23 30 27 16 48 -999
19 3 43 -999
20 48 47 44 46 17 42 31 29 32 33 16 13 -999
21 31 41 15 48 38 18 28 9 12 27 39 26 25 33 19 16 7 36 43 8 14 17 10 -999
22 19 15 16 0 36 10 5 17 7 46 26 39 3 12 13 6 2 30 40 34 41 42 4 31 18 32 25 24 23 33 38 28 27 1 -999
23 24 41 44 13 32 19 27 -999
24 6 28 9 3 16 36 42 45 39 41 21 31 4 8 20 29 37 38 19 30 40 7 5 15 12 13 32 33 2 -999
25 2 44 29 8 18 22 24 11 6 40 28 20 16 21 4 7 0 31 45 36 46 35 1 15 43 27 47 42 37 10 30 -999
26 13 29 39 23 32 3 8 2 10 4 21 -999
27 35 45 19 2 9 11 6 7 8 13 43 23 17 33 34 20 -999
28 6 45 24 46 17 4 3 38 34 29 36 8 47 37 0 1 15 48 -999
29 27 44 18 7 42 17 37 31 40 15 23 26 20 34 1 46 19 10 -999
30 19 5 32 47 4 -999
31 42 27 37 44 15 36 26 39 4 24 30 12 1 35 13 8 28 2 17 29 45 48 41 18 46 21 11 5 20 -999
32 28 40 39 36 24 14 31 13 26 37 15 45 42 34 48 6 21 2 22 17 5 10 18 20 30 35 29 23 41 19 47 3 1 27 33 44 0 -999
33 1 47 40 43 24 34 19 38 42 25 9 2 48 32 22 12 20 29 -999
34 26 46 17 23 5 15 19 1 22 36 18 35 27 30 33 28 7 39 40 0 37 3 16 25 9 24 8 13 41 29 2 47 10 42 38 21 11 6 45 12 4 20 43 14 -999
35 1 9 5 31 11 40 0 19 43 -999
36 38 41 13 14 0 35 20 46 42 5 2 9 34 16 27 48 23 25 45 29 40 24 18 15 47 28 31 30 17 -999
37 3 2 41 47 17 16 14 32 21 -999
38 35 4 41 26 28 42 2 39 36 21 44 22 33 18 23 29 13 10 -999
39 16 11 1 3 48 22 47 0 -999
40 13 22 42 -999
41 45 37 4 12 46 3 47 5 33 13 40 8 24 10 0 6 16 29 18 14 7 39 1 26 17 48 15 9 32 35 28 23 19 31 11 30 27 -999
42 43 36 34 6 32 7 31 44 -999
43 14 15 7 9 26 24 37 41 47 31 40 42 27 16 1 34 20 25 -999
44 34 35 32 24 43 37 41 47 16 26 23 29 17 15 36 30 39 2 1 28 9 45 13 42 14 7 27 3 10 40 22 5 12 21 -999
45 25 5 26 21 31 22 33 15 28 44 39 0 4 12 -999
46 5 44 22 48 28 0 36 43 1 35 31 13 2 14 4 23 10 8 26 24 19 18 7 3 41 30 39 40 21 33 27 17 12 45 42 6 20 34 37 11 32 9 15 29 25 47 16 -999
47 9 39 21 33 2 30 41 0 28 37 25 48 29 36 20 27 45 15 12 40 31 10 42 34 44 14 43 23 19 16 8 7 26 1 17 13 -999
48 34 27 44 8 -999
49 36 16 26 45 25 2 9 42 31 35 23 32 4 30 18 21 28 14 24 38 20 15 37 41 11 43 47 10 7 22 48 34 -999